59,1
59,3
67,52
67,51
67,50
67,49
67,48
67,47
67,46
67,45
67,44
67,43
67,42
67,41
67,40
67,39
67,38
67,37
67,36
67,35
61,4
64,2
61,1
61,3
60,1
60,3
3,1
3,3
10,160
10,156
10,256
10,222
10,208
10,286
10,88
10,106
9,7
8,5
8,15
8,12
8,4
8,14
20,3
20,2
20,1
19,3
19,2
19,1
12,3
12,2
12,1
11,29
11,28
11,27
11,26
11,25
11,24
11,23
11,22
11,21
11,20
11,18
11,16
11,14
11,12
11,10
11,8
11,4
11,3
11,2
11,1
10,313
10,312
10,311
10,310
10,309
10,308
10,307
10,306
10,305
10,304
10,303
10,302
10,301
10,300
10,299
10,298
10,297
18,1
10,296
18,3
10,295
10,294
10,293
10,292
10,276
10,272
10,92
10,80
10,14
10,1
10,4
10,3
10,2
2,2
9,6
9,1
2,1
2,3
9,4
9,3
9,2
8,17
8,16
8,13
8,10
